::scatterplot1 All reported data
625.8 2.0
457.9 2.0
41.5 8.3
53.0 7.5
120.0 6.9
119.3 3.4
290.7 2.9
1230.8 4.0
475.0 2.0
470.1 4.1
501.5 2.7
404.5 2.3
465.8 3.0
1568.2 2.5
175.3 4.3
617.4 2.0
END
::estimated1 Atkinson-Wald 2007 Cent/EUS
41.1 7.15107116537097
45.21 7.01426832333945
49.73 6.87352459647202
54.70 6.72920417519403
60.17 6.58145957547532
66.19 6.43053827308471
72.81 6.27674776474547
80.09 6.14345186468233
88.10 6.07605018984048
96.91 6.00663783118601
106.60 5.93511014860922
117.26 5.86132383628842
128.99 5.78510559141679
141.89 5.70631746395055
156.08 5.6247320339415
171.69 5.54010605865644
188.86 5.45218139547294
207.75 5.36063785206921
228.53 5.26514940446926
251.38 5.16538115087576
276.52 5.0608645780426
304.17 4.9511773010429
334.59 4.83577897910415
368.05 4.71413615780686
404.86 4.58561157722168
445.35 4.44954239255673
489.89 4.30517346071766
538.88 4.15169565564971
592.77 3.98818627740244
652.05 3.81364613773525
717.25 3.62700094952848
788.98 3.42699151338661
867.88 3.21232071555367
954.67 2.98151586521765
1050.14 2.7329626183575
1155.15 2.4649079207698
1270.67 2.17536210111646
1397.74 1.86220514278698
1537.51 1.52308861414965
1691.26 1.1553928435826
END
::estimated2 Atkinson-Wald 2007 Calif.
41.1 5.59573975952102
45.21 5.47473709227265
49.73 5.35146599800808
54.70 5.22621296147291
60.17 5.09908618947503
66.19 4.97028518715775
72.81 4.84006842889339
80.09 4.70855286684674
88.10 4.57576342558863
96.91 4.44181652174668
106.60 4.30675355715991
117.26 4.17057003342632
128.99 4.03323653792364
141.89 3.89481588571381
156.08 3.75524107519223
171.69 3.61445332171219
188.86 3.47240367300348
207.75 3.32897978209924
228.53 3.18410055372691
251.38 3.03770818694543
276.52 2.88959106300412
304.17 2.739652250926
334.59 2.58767899459278
368.05 2.43351952660029
404.86 2.27694064586173
445.35 2.11773324444068
489.89 1.95563474769808
538.88 1.790379878532
592.77 1.62164061325643
652.05 1.44907394728218
717.25 1.27232522824019
788.98 1.09093116118934
867.88 0.904464769923708
954.67 0.712413209612528
1050.14 0.514217812043517
1155.15 0.309281260019851
1270.67 0.0968997779928014
1397.74 -0.123648630392452
1537.51 -0.353172385038903
1691.26 -0.592585238242661
END
::binned Mean intensity +/-1 STDEV binned by dist
41.1 8.3 0.00
54.8 7.5 0.00
129.9 5.2 2.43
173.2 4.3 0.00
308.0 2.9 0.00
410.7 2.7 0.60
547.7 2.2 0.35
1298.8 4.0 0.00
1731.9 2.5 0.00
END
::median Median intensity
41.1 8.3
54.8 7.5
129.9 5.2
173.2 4.3
308.0 2.9
410.7 3.0
547.7 2.0
1298.8 4.0
1731.9 2.5
END
